[gd_scene load_steps=85 format=3 uid="uid://35giwndd6jyg"]

[ext_resource type="PackedScene" uid="uid://clc5dre31iskm" path="res://addons/godot-xr-tools/xr/start_xr.tscn" id="1_h7q6n"]
[ext_resource type="PackedScene" uid="uid://nqiyqnx42m61" path="res://addons/godot-xr-tools/hands/scenes/highpoly/left_fullglove_physics_hand.tscn" id="1_jdw8j"]
[ext_resource type="Script" path="res://main.gd" id="1_kui4x"]
[ext_resource type="PackedScene" uid="uid://cigx2gnf4tg4d" path="res://addons/godot-xr-tools/hands/scenes/highpoly/right_fullglove_physics_hand.tscn" id="2_2tsdc"]
[ext_resource type="Script" path="res://xrorigin3d.gd" id="2_40uyp"]
[ext_resource type="PackedScene" uid="uid://ctltchlf2j2r4" path="res://addons/xr-simulator/XRSimulator.tscn" id="2_j1dfe"]
[ext_resource type="PackedScene" uid="uid://wtpox7m5vu2b" path="res://addons/godot-xr-tools/effects/fade.tscn" id="4_qado1"]
[ext_resource type="Shader" path="res://assets/hand.gdshader" id="6_0tc6y"]
[ext_resource type="Script" path="res://audio_stream_microphone.gd" id="6_fvnxd"]
[ext_resource type="PackedScene" uid="uid://b4ysuy43poobf" path="res://addons/godot-xr-tools/functions/function_pickup.tscn" id="7_6l8go"]
[ext_resource type="PackedScene" uid="uid://bufelcry36rw1" path="res://addons/xr-autohandtracker/auto_handtracker.tscn" id="8_3wn4n"]
[ext_resource type="Script" path="res://nosesequence.gd" id="8_4i5py"]
[ext_resource type="Script" path="res://handcentre.gd" id="9_h6jwr"]
[ext_resource type="Material" uid="uid://b7jevbvo6ebp2" path="res://assets/monkeyshadertop.tres" id="10_pb306"]
[ext_resource type="Material" uid="uid://dg4lqg6r354f3" path="res://floorwater.tres" id="12_efw08"]
[ext_resource type="Script" path="res://scenesequence.gd" id="13_v0v6l"]
[ext_resource type="PackedScene" uid="uid://c8l60rnugru40" path="res://addons/godot-xr-tools/objects/pickable.tscn" id="14_fsmsi"]
[ext_resource type="Script" path="res://introscene.gd" id="14_i85se"]
[ext_resource type="PackedScene" uid="uid://bqumugyvkct4r" path="res://addons/godot-xr-tools/staging/loading_screen.tscn" id="15_2ueek"]
[ext_resource type="Texture2D" uid="uid://cnwdeeti3ya0q" path="res://assets/godot/splash.png" id="16_ae51a"]
[ext_resource type="AudioStream" uid="uid://bqd0iemxvu32x" path="res://assets/Audio/downtown-traffic-and-crowd-noises-14734_trimmed.mp3" id="17_equb6"]
[ext_resource type="Script" path="res://pondscene.gd" id="18_6nfk3"]
[ext_resource type="AudioStream" uid="uid://bvhcg66bwlukf" path="res://assets/Audio/tranquilness-ambient-healing-music-meditation-yoga-zen-112329_trimmed.mp3" id="20_cm5tj"]
[ext_resource type="AudioStream" uid="uid://cllsj2x5kwanq" path="res://assets/Audio/happy-pop-2-185287.mp3" id="21_tt50e"]
[ext_resource type="PackedScene" uid="uid://umn00ymb26vq" path="res://assets/Apartment.glb" id="22_m1vp1"]
[ext_resource type="PackedScene" uid="uid://bcsm3p1j8408h" path="res://assets/Monkey_Rigged--Animated_01a.glb" id="22_qh1ro"]
[ext_resource type="Shader" path="res://magictinsel.gdshader" id="27_einmm"]

[sub_resource type="StandardMaterial3D" id="StandardMaterial3D_q40q2"]
albedo_color = Color(0.323179, 0.322995, 0, 1)

[sub_resource type="PrismMesh" id="PrismMesh_2gmlt"]
material = SubResource("StandardMaterial3D_q40q2")
size = Vector3(0.01, 0.01, 0.01)

[sub_resource type="ShaderMaterial" id="ShaderMaterial_f8r2u"]
render_priority = 0
shader = ExtResource("6_0tc6y")
shader_parameter/albedo = Color(0.529412, 1, 1, 0.34902)
shader_parameter/albedo_inorb = Color(0.254277, 0.474683, 1, 0.4)
shader_parameter/fade_offset = -0.022
shader_parameter/fade_sharpness = 14.58
shader_parameter/orbcentrerelativetohand = Vector3(0, 0, 0)
shader_parameter/orbcentre = Vector3(0, 0, 0)
shader_parameter/orbrad = 0.0
shader_parameter/orbbrightcolour = Color(1, 0, 0, 0.9)
shader_parameter/orbdropoff = 0.02

[sub_resource type="Gradient" id="Gradient_ck1xm"]

[sub_resource type="GradientTexture1D" id="GradientTexture1D_1a2cq"]
gradient = SubResource("Gradient_ck1xm")

[sub_resource type="ParticleProcessMaterial" id="ParticleProcessMaterial_svamx"]
lifetime_randomness = 0.15
particle_flag_align_y = true
angle_min = 1.07288e-05
angle_max = 180.0
direction = Vector3(-1, 0, 0)
spread = 180.0
flatness = 0.308
initial_velocity_min = 0.01
initial_velocity_max = 0.01
gravity = Vector3(0, 0, 0)
color_ramp = SubResource("GradientTexture1D_1a2cq")

[sub_resource type="FastNoiseLite" id="FastNoiseLite_71ah4"]

[sub_resource type="NoiseTexture2D" id="NoiseTexture2D_s0brt"]
as_normal_map = true
noise = SubResource("FastNoiseLite_71ah4")

[sub_resource type="ShaderMaterial" id="ShaderMaterial_ks7yv"]
render_priority = 0
shader = ExtResource("27_einmm")
shader_parameter/albedo = Vector4(1, 0, 0, 0)
shader_parameter/point_size = 1.0
shader_parameter/streamrad = 0.08
shader_parameter/sparkrad = 0.01
shader_parameter/sparktrailrad = 0.003
shader_parameter/noisedisplacementfac = 0.04
shader_parameter/position_noise = SubResource("NoiseTexture2D_s0brt")

[sub_resource type="PlaneMesh" id="PlaneMesh_o7sgv"]
material = SubResource("ShaderMaterial_ks7yv")
size = Vector2(0, 0)
subdivide_depth = 5

[sub_resource type="AnimationNodeAnimation" id="AnimationNodeAnimation_tw03v"]
animation = &"Grip"

[sub_resource type="AnimationNodeAnimation" id="AnimationNodeAnimation_iyhoy"]
animation = &"Grip"

[sub_resource type="AnimationNodeBlend2" id="AnimationNodeBlend2_jwxts"]
filter_enabled = true
filters = ["Armature/Skeleton3D:Little_Distal_L", "Armature/Skeleton3D:Little_Intermediate_L", "Armature/Skeleton3D:Little_Metacarpal_L", "Armature/Skeleton3D:Little_Proximal_L", "Armature/Skeleton3D:Middle_Distal_L", "Armature/Skeleton3D:Middle_Intermediate_L", "Armature/Skeleton3D:Middle_Metacarpal_L", "Armature/Skeleton3D:Middle_Proximal_L", "Armature/Skeleton3D:Ring_Distal_L", "Armature/Skeleton3D:Ring_Intermediate_L", "Armature/Skeleton3D:Ring_Metacarpal_L", "Armature/Skeleton3D:Ring_Proximal_L", "Armature/Skeleton3D:Thumb_Distal_L", "Armature/Skeleton3D:Thumb_Metacarpal_L", "Armature/Skeleton3D:Thumb_Proximal_L", "Armature/Skeleton:Little_Distal_L", "Armature/Skeleton:Little_Intermediate_L", "Armature/Skeleton:Little_Proximal_L", "Armature/Skeleton:Middle_Distal_L", "Armature/Skeleton:Middle_Intermediate_L", "Armature/Skeleton:Middle_Proximal_L", "Armature/Skeleton:Ring_Distal_L", "Armature/Skeleton:Ring_Intermediate_L", "Armature/Skeleton:Ring_Proximal_L", "Armature/Skeleton:Thumb_Distal_L", "Armature/Skeleton:Thumb_Proximal_L"]

[sub_resource type="AnimationNodeAnimation" id="AnimationNodeAnimation_fdbjd"]
animation = &"Grip 5"

[sub_resource type="AnimationNodeBlend2" id="AnimationNodeBlend2_tq315"]
filter_enabled = true
filters = ["Armature/Skeleton3D:Index_Distal_L", "Armature/Skeleton3D:Index_Intermediate_L", "Armature/Skeleton3D:Index_Metacarpal_L", "Armature/Skeleton3D:Index_Proximal_L", "Armature/Skeleton:Index_Distal_L", "Armature/Skeleton:Index_Intermediate_L", "Armature/Skeleton:Index_Proximal_L"]

[sub_resource type="AnimationNodeBlendTree" id="AnimationNodeBlendTree_fvskj"]
graph_offset = Vector2(-536, 11)
nodes/ClosedHand1/node = SubResource("AnimationNodeAnimation_tw03v")
nodes/ClosedHand1/position = Vector2(-600, 300)
nodes/ClosedHand2/node = SubResource("AnimationNodeAnimation_iyhoy")
nodes/ClosedHand2/position = Vector2(-360, 300)
nodes/Grip/node = SubResource("AnimationNodeBlend2_jwxts")
nodes/Grip/position = Vector2(0, 20)
nodes/OpenHand/node = SubResource("AnimationNodeAnimation_fdbjd")
nodes/OpenHand/position = Vector2(-600, 100)
nodes/Trigger/node = SubResource("AnimationNodeBlend2_tq315")
nodes/Trigger/position = Vector2(-360, 20)
node_connections = [&"Grip", 0, &"Trigger", &"Grip", 1, &"ClosedHand2", &"Trigger", 0, &"OpenHand", &"Trigger", 1, &"ClosedHand1", &"output", 0, &"Grip"]

[sub_resource type="ShaderMaterial" id="ShaderMaterial_k1loc"]
render_priority = 0
shader = ExtResource("6_0tc6y")
shader_parameter/albedo = Color(0.529412, 1, 1, 0.4)
shader_parameter/albedo_inorb = Color(0, 0, 1, 0.4)
shader_parameter/fade_offset = -0.022
shader_parameter/fade_sharpness = 12.28
shader_parameter/orbcentrerelativetohand = Vector3(0, 0, 0)
shader_parameter/orbcentre = Vector3(0.051, 0.794, -0.788)
shader_parameter/orbrad = 0.15
shader_parameter/orbbrightcolour = Color(1, 0.509804, 0, 0.901961)
shader_parameter/orbdropoff = 0.03

[sub_resource type="AnimationNodeAnimation" id="AnimationNodeAnimation_7qwtp"]
animation = &"Grip"

[sub_resource type="AnimationNodeAnimation" id="AnimationNodeAnimation_rlf1p"]
animation = &"Grip"

[sub_resource type="AnimationNodeBlend2" id="AnimationNodeBlend2_5krke"]
filter_enabled = true
filters = ["Armature/Skeleton3D:Little_Distal_R", "Armature/Skeleton3D:Little_Intermediate_R", "Armature/Skeleton3D:Little_Metacarpal_R", "Armature/Skeleton3D:Little_Proximal_R", "Armature/Skeleton3D:Middle_Distal_R", "Armature/Skeleton3D:Middle_Intermediate_R", "Armature/Skeleton3D:Middle_Metacarpal_R", "Armature/Skeleton3D:Middle_Proximal_R", "Armature/Skeleton3D:Ring_Distal_R", "Armature/Skeleton3D:Ring_Intermediate_R", "Armature/Skeleton3D:Ring_Metacarpal_R", "Armature/Skeleton3D:Ring_Proximal_R", "Armature/Skeleton3D:Thumb_Distal_R", "Armature/Skeleton3D:Thumb_Metacarpal_R", "Armature/Skeleton3D:Thumb_Proximal_R", "Armature/Skeleton:Little_Distal_R", "Armature/Skeleton:Little_Intermediate_R", "Armature/Skeleton:Little_Proximal_R", "Armature/Skeleton:Middle_Distal_R", "Armature/Skeleton:Middle_Intermediate_R", "Armature/Skeleton:Middle_Proximal_R", "Armature/Skeleton:Ring_Distal_R", "Armature/Skeleton:Ring_Intermediate_R", "Armature/Skeleton:Ring_Proximal_R", "Armature/Skeleton:Thumb_Distal_R", "Armature/Skeleton:Thumb_Proximal_R"]

[sub_resource type="AnimationNodeAnimation" id="AnimationNodeAnimation_o7tlb"]
animation = &"Grip 5"

[sub_resource type="AnimationNodeBlend2" id="AnimationNodeBlend2_byg5y"]
filter_enabled = true
filters = ["Armature/Skeleton3D:Index_Distal_R", "Armature/Skeleton3D:Index_Intermediate_R", "Armature/Skeleton3D:Index_Metacarpal_R", "Armature/Skeleton3D:Index_Proximal_R", "Armature/Skeleton:Index_Distal_R", "Armature/Skeleton:Index_Intermediate_R", "Armature/Skeleton:Index_Proximal_R"]

[sub_resource type="AnimationNodeBlendTree" id="AnimationNodeBlendTree_eg6g3"]
graph_offset = Vector2(-552.664, 107.301)
nodes/ClosedHand1/node = SubResource("AnimationNodeAnimation_7qwtp")
nodes/ClosedHand1/position = Vector2(-600, 300)
nodes/ClosedHand2/node = SubResource("AnimationNodeAnimation_rlf1p")
nodes/ClosedHand2/position = Vector2(-360, 300)
nodes/Grip/node = SubResource("AnimationNodeBlend2_5krke")
nodes/Grip/position = Vector2(0, 40)
nodes/OpenHand/node = SubResource("AnimationNodeAnimation_o7tlb")
nodes/OpenHand/position = Vector2(-600, 100)
nodes/Trigger/node = SubResource("AnimationNodeBlend2_byg5y")
nodes/Trigger/position = Vector2(-360, 40)
node_connections = [&"Grip", 0, &"Trigger", &"Grip", 1, &"ClosedHand2", &"Trigger", 0, &"OpenHand", &"Trigger", 1, &"ClosedHand1", &"output", 0, &"Grip"]

[sub_resource type="StandardMaterial3D" id="StandardMaterial3D_owage"]
albedo_color = Color(0.0745098, 1, 0.00392157, 1)

[sub_resource type="BoxMesh" id="BoxMesh_2e45k"]
material = SubResource("StandardMaterial3D_owage")
size = Vector3(0.01, 0.01, 0.01)

[sub_resource type="CylinderMesh" id="CylinderMesh_1yfks"]
top_radius = 0.002
bottom_radius = 0.02
height = 0.1

[sub_resource type="ParticleProcessMaterial" id="ParticleProcessMaterial_ld7ix"]
direction = Vector3(0, 1, 0)
spread = 18.931
initial_velocity_min = 0.3
initial_velocity_max = 1.0
gravity = Vector3(0, -0.4, 0)

[sub_resource type="StandardMaterial3D" id="StandardMaterial3D_ha1q7"]
emission_enabled = true
emission = Color(0, 0.847059, 0, 1)

[sub_resource type="BoxMesh" id="BoxMesh_2ps3d"]
material = SubResource("StandardMaterial3D_ha1q7")
size = Vector3(0.01, 0.01, 0.01)

[sub_resource type="StandardMaterial3D" id="StandardMaterial3D_3cfwo"]
emission_enabled = true
emission = Color(0.956863, 0.984314, 0, 1)

[sub_resource type="CylinderMesh" id="CylinderMesh_4q2lq"]
material = SubResource("StandardMaterial3D_3cfwo")
top_radius = 0.001
bottom_radius = 0.001
height = 0.02

[sub_resource type="QuadMesh" id="QuadMesh_oc67t"]
material = ExtResource("12_efw08")
size = Vector2(20, 20)
subdivide_width = 100
subdivide_depth = 100

[sub_resource type="ProceduralSkyMaterial" id="ProceduralSkyMaterial_68qac"]

[sub_resource type="Sky" id="Sky_sokij"]
sky_material = SubResource("ProceduralSkyMaterial_68qac")

[sub_resource type="Environment" id="Environment_37w8k"]
background_mode = 2
sky = SubResource("Sky_sokij")

[sub_resource type="QuadMesh" id="QuadMesh_lt8sp"]
size = Vector2(3, 1)

[sub_resource type="Shader" id="Shader_yiqj2"]
code = "shader_type spatial;
render_mode blend_mix, depth_draw_opaque, cull_back, diffuse_burley, specular_schlick_ggx;


uniform float multscale = 2.0;
uniform sampler2D voice;

void vertex() {
}

void fragment() {
  ALBEDO = vec3(UV, 0.5);
  vec4 v = texture(voice, UV);
  float s = v.r*multscale;
  float d = UV.y*2.0 - s*0.5 - 1.0;
  //EMISSION = (abs(d) < 0.1 ? vec3(0.8,0.8,0.9) : vec3(0.1,0.1,0.1));
  if (abs(UV.y - 0.5) < abs(s)*0.5)
	EMISSION = vec3(max(s, 0.0), 0.0, max(-s, 0.0));
}
"

[sub_resource type="ShaderMaterial" id="ShaderMaterial_xly2v"]
render_priority = 0
shader = SubResource("Shader_yiqj2")
shader_parameter/multscale = 2.0

[sub_resource type="AudioStreamMicrophone" id="AudioStreamMicrophone_dj88s"]

[sub_resource type="BoxMesh" id="BoxMesh_hnydq"]
size = Vector3(4, 3, 4)

[sub_resource type="BoxMesh" id="BoxMesh_6qs6n"]
size = Vector3(3.5, 3, 3.5)

[sub_resource type="SphereShape3D" id="SphereShape3D_ajhpm"]
radius = 0.15

[sub_resource type="StandardMaterial3D" id="StandardMaterial3D_dlq50"]
transparency = 1
albedo_color = Color(0.0862745, 1, 1, 0.227451)
metallic = 1.0
roughness = 0.0
rim = 0.01

[sub_resource type="SphereMesh" id="SphereMesh_el520"]
material = SubResource("StandardMaterial3D_dlq50")
radius = 0.15
height = 0.3

[sub_resource type="StandardMaterial3D" id="StandardMaterial3D_d15si"]
transparency = 1
albedo_color = Color(0.356863, 1, 1, 0.298039)
metallic = 0.74
roughness = 0.21

[sub_resource type="SphereMesh" id="SphereMesh_4sx7o"]
material = SubResource("StandardMaterial3D_d15si")

[sub_resource type="StandardMaterial3D" id="StandardMaterial3D_u27p1"]
transparency = 1
no_depth_test = true
albedo_color = Color(0.0705882, 0.768627, 0.847059, 0.337255)
metallic = 0.74
roughness = 0.21

[sub_resource type="SphereMesh" id="SphereMesh_fvju0"]
material = SubResource("StandardMaterial3D_u27p1")

[sub_resource type="BoxMesh" id="BoxMesh_5itna"]
size = Vector3(0.2, 0.01, 0.01)

[sub_resource type="StandardMaterial3D" id="StandardMaterial3D_karnf"]
albedo_color = Color(1, 1, 0.0745098, 1)

[sub_resource type="AnimationNodeAnimation" id="AnimationNodeAnimation_jij07"]
animation = &"Arms-3"

[sub_resource type="AnimationNodeBlend2" id="AnimationNodeBlend2_3x83a"]
filter_enabled = true
filters = ["Armature/Skeleton3D:Hand.L", "Armature/Skeleton3D:Hand.R", "Armature/Skeleton3D:LowerArm.L", "Armature/Skeleton3D:LowerArm.R", "Armature/Skeleton3D:UpperArm.L", "Armature/Skeleton3D:UpperArm.R"]

[sub_resource type="AnimationNodeAnimation" id="AnimationNodeAnimation_pp1pu"]
animation = &"Breathe"

[sub_resource type="AnimationNodeTimeSeek" id="AnimationNodeTimeSeek_3lwol"]

[sub_resource type="AnimationNodeBlend2" id="AnimationNodeBlend2_73cgn"]
filter_enabled = true
filters = ["Armature/Skeleton3D/Head_2/Head_2:Blink"]

[sub_resource type="AnimationNodeAnimation" id="AnimationNodeAnimation_pilhh"]
animation = &"Eyes_open"

[sub_resource type="AnimationNodeBlendTree" id="AnimationNodeBlendTree_bfef2"]
nodes/ArmsOut/node = SubResource("AnimationNodeAnimation_jij07")
nodes/ArmsOut/position = Vector2(-68.5714, 137.143)
nodes/ArmsOutBlend/node = SubResource("AnimationNodeBlend2_3x83a")
nodes/ArmsOutBlend/position = Vector2(251.429, -11.4286)
nodes/Breathe1/node = SubResource("AnimationNodeAnimation_pp1pu")
nodes/Breathe1/position = Vector2(-114.286, -11.4286)
nodes/BreatheSeek/node = SubResource("AnimationNodeTimeSeek_3lwol")
nodes/BreatheSeek/position = Vector2(68.5714, -11.4286)
nodes/EyesBlend/node = SubResource("AnimationNodeBlend2_73cgn")
nodes/EyesBlend/position = Vector2(445.714, 34.2857)
nodes/EyesOpen/node = SubResource("AnimationNodeAnimation_pilhh")
nodes/EyesOpen/position = Vector2(205.714, 182.857)
nodes/output/position = Vector2(662.857, 91.4286)
node_connections = [&"ArmsOutBlend", 0, &"BreatheSeek", &"ArmsOutBlend", 1, &"ArmsOut", &"BreatheSeek", 0, &"Breathe1", &"EyesBlend", 0, &"ArmsOutBlend", &"EyesBlend", 1, &"EyesOpen", &"output", 0, &"EyesBlend"]

[node name="Main" type="Node3D"]
script = ExtResource("1_kui4x")

[node name="XROrigin3D" type="XROrigin3D" parent="."]
script = ExtResource("2_40uyp")

[node name="StartXR" parent="XROrigin3D" instance=ExtResource("1_h7q6n")]

[node name="XRSimulator" parent="XROrigin3D" instance=ExtResource("2_j1dfe")]

[node name="XRCamera3D" type="XRCamera3D" parent="XROrigin3D"]
transform = Transform3D(1, 0, 0, 0, 1, 0, 0, 0, 1, 0, 0.838471, 0)

[node name="Nose" type="MeshInstance3D" parent="XROrigin3D/XRCamera3D"]
transform = Transform3D(1, 0, 0, 0, 1, 0, 0, 0, 1, 0, -0.0603088, -0.08)
visible = false
mesh = SubResource("PrismMesh_2gmlt")

[node name="NosePointer" type="MeshInstance3D" parent="XROrigin3D/XRCamera3D"]
transform = Transform3D(1, 0, 0, 0, 1, 0, 0, 0, 1, 0, 0, -1.3)
mesh = SubResource("PrismMesh_2gmlt")

[node name="Fade" parent="XROrigin3D/XRCamera3D" instance=ExtResource("4_qado1")]

[node name="XRController3DLeft" type="XRController3D" parent="XROrigin3D"]
transform = Transform3D(1, 0, 0, 0, 1, 0, 0, 0, 1, -0.672497, 1.00323, -0.89392)
tracker = &"left_hand"

[node name="LeftPhysicsHand" parent="XROrigin3D/XRController3DLeft" instance=ExtResource("1_jdw8j")]
hand_material_override = SubResource("ShaderMaterial_f8r2u")

[node name="mesh_Hand_L" parent="XROrigin3D/XRController3DLeft/LeftPhysicsHand/Hand_L/Armature/Skeleton3D" index="0"]
material_override = SubResource("ShaderMaterial_f8r2u")

[node name="GPUParticles" type="GPUParticles3D" parent="XROrigin3D/XRController3DLeft/LeftPhysicsHand/Hand_L/Armature/Skeleton3D/BoneMiddleProximal" index="0"]
transform = Transform3D(1, 0, 0, 0, 1, 0, 0, 0, 1, 0, 0, 0)
cast_shadow = 0
emitting = false
amount = 100
lifetime = 3.0
process_material = SubResource("ParticleProcessMaterial_svamx")
draw_pass_1 = SubResource("PlaneMesh_o7sgv")

[node name="AnimationTree" parent="XROrigin3D/XRController3DLeft/LeftPhysicsHand" index="1"]
tree_root = SubResource("AnimationNodeBlendTree_fvskj")

[node name="FunctionPickup" parent="XROrigin3D/XRController3DLeft" instance=ExtResource("7_6l8go")]

[node name="AutoHandtracker" parent="XROrigin3D/XRController3DLeft" instance=ExtResource("8_3wn4n")]
visiblehandtrackskeleton = false
enableautotracker = false

[node name="XRController3DRight" type="XRController3D" parent="XROrigin3D"]
transform = Transform3D(0.955118, 0, 0.296225, 0, 1, 0, -0.296225, 0, 0.955118, 0.144725, 0.854152, -0.854165)
tracker = &"right_hand"

[node name="RightPhysicsHand" parent="XROrigin3D/XRController3DRight" instance=ExtResource("2_2tsdc")]
transform = Transform3D(1, 0, 0, 0, 1, 0, 0, 0, 1, 0.00264701, 0, 0.000820935)
hand_material_override = SubResource("ShaderMaterial_k1loc")

[node name="Skeleton3D" parent="XROrigin3D/XRController3DRight/RightPhysicsHand/Hand_R/Armature" index="0"]
bones/1/rotation = Quaternion(0.323537, 2.56588e-05, 0.0272204, 0.945824)
bones/2/rotation = Quaternion(-0.0904441, 0.0415175, 0.166293, 0.981042)
bones/3/rotation = Quaternion(-0.0466199, -0.020971, -0.0103276, 0.998639)
bones/5/rotation = Quaternion(-0.00128455, 0.0116081, 0.0168259, 0.99979)
bones/6/rotation = Quaternion(0.102925, 0.00993208, 0.00794419, 0.994608)
bones/7/rotation = Quaternion(-0.012859, 0.0236108, 0.323258, 0.945929)
bones/8/rotation = Quaternion(0.0120575, 0.00929193, 0.247472, 0.968775)
bones/10/rotation = Quaternion(-0.0357539, 0.000400032, -0.00636763, 0.99934)
bones/11/rotation = Quaternion(-0.00264964, 0.00114471, 0.125992, 0.992027)
bones/12/rotation = Quaternion(0.0394225, -0.00193393, 0.228074, 0.972843)
bones/13/rotation = Quaternion(-0.0123395, 0.00881294, 0.280669, 0.959685)
bones/15/rotation = Quaternion(-0.0702656, -0.0101908, 0.0243307, 0.99718)
bones/16/rotation = Quaternion(-0.0320634, 0.00223624, 0.0686366, 0.997124)
bones/17/rotation = Quaternion(0.0253452, -0.00812462, 0.249005, 0.968136)
bones/18/rotation = Quaternion(0.00252233, -0.00788073, 0.243204, 0.96994)
bones/20/rotation = Quaternion(-0.0917369, -0.0203027, 0.010183, 0.995524)
bones/21/rotation = Quaternion(-0.0625182, 0.000225722, 0.115393, 0.991351)
bones/22/rotation = Quaternion(0.0585786, -0.0216483, 0.269905, 0.96086)
bones/23/rotation = Quaternion(0.00687177, 0.00357275, 0.211953, 0.977249)

[node name="mesh_Hand_R" parent="XROrigin3D/XRController3DRight/RightPhysicsHand/Hand_R/Armature/Skeleton3D" index="0"]
material_override = SubResource("ShaderMaterial_k1loc")

[node name="BoneRoot" parent="XROrigin3D/XRController3DRight/RightPhysicsHand/Hand_R/Armature/Skeleton3D" index="1"]
transform = Transform3D(1, 1.83077e-05, -1.5264e-08, -1.52677e-08, 0.00166774, 0.999999, 1.83077e-05, -0.999999, 0.00166774, -3.86425e-08, -1.86975e-05, 0.0271756)

[node name="BoneThumbMetacarpal" parent="XROrigin3D/XRController3DRight/RightPhysicsHand/Hand_R/Armature/Skeleton3D" index="2"]
transform = Transform3D(0.998519, -0.0514604, 0.0176509, 0.017651, 0.613335, 0.789626, -0.0514604, -0.788145, 0.613335, -0.00999954, 0.0200266, 3.59323e-05)

[node name="BoneThumbProximal" parent="XROrigin3D/XRController3DRight/RightPhysicsHand/Hand_R/Armature/Skeleton3D" index="3"]
transform = Transform3D(0.921479, -0.383958, 0.0587628, 0.124052, 0.434264, 0.892203, -0.368087, -0.814856, 0.447796, -0.012311, 0.0475754, -0.0353648)

[node name="BoneThumbDistal" parent="XROrigin3D/XRController3DRight/RightPhysicsHand/Hand_R/Armature/Skeleton3D" index="4"]
transform = Transform3D(0.930159, -0.366844, -0.0151708, 0.154037, 0.352396, 0.923087, -0.333283, -0.860954, 0.384292, -0.028494, 0.0658787, -0.0697092)

[node name="BoneIndexMetacarpal" parent="XROrigin3D/XRController3DRight/RightPhysicsHand/Hand_R/Armature/Skeleton3D" index="5"]
transform = Transform3D(0.999165, -0.0336562, 0.0231681, -0.0231985, -0.00051113, 0.999731, -0.0336353, -0.999433, -0.00129147, 0.0100005, 0.0224317, 3.59286e-05)

[node name="BoneIndexProximal" parent="XROrigin3D/XRController3DRight/RightPhysicsHand/Hand_R/Armature/Skeleton3D" index="6"]
transform = Transform3D(0.997821, -0.0419385, 0.0509326, -0.0413169, 0.204661, 0.97796, -0.0514381, -0.977934, 0.202483, 0.00729559, 0.0223907, -0.0802861)

[node name="BoneIndexMiddle" parent="XROrigin3D/XRController3DRight/RightPhysicsHand/Hand_R/Armature/Skeleton3D" index="7"]
transform = Transform3D(0.759851, -0.644453, 0.0854741, 0.0405881, 0.178251, 0.983148, -0.648829, -0.743577, 0.161601, 0.00569705, 0.0301916, -0.117561)

[node name="BoneIndexDistal" parent="XROrigin3D/XRController3DRight/RightPhysicsHand/Hand_R/Armature/Skeleton3D" index="8"]
transform = Transform3D(0.356467, -0.927111, 0.115741, 0.109286, 0.164404, 0.98032, -0.927894, -0.336803, 0.159925, -0.0145038, 0.035779, -0.140869)

[node name="BoneMiddleMetacarpal" parent="XROrigin3D/XRController3DRight/RightPhysicsHand/Hand_R/Armature/Skeleton3D" index="9"]
transform = Transform3D(0.999918, 0.0127165, 0.00125617, -0.000365489, -0.0698022, 0.997561, 0.0127732, -0.99748, -0.0697919, 0.0100005, 0.00355416, 3.59286e-05)

[node name="BoneMiddleProximal" parent="XROrigin3D/XRController3DRight/RightPhysicsHand/Hand_R/Armature/Skeleton3D" index="10"]
transform = Transform3D(0.971345, -0.237654, 0.00293004, -0.0207339, -0.0724503, 0.997156, -0.236766, -0.968644, -0.0753018, 0.0110237, -0.00206236, -0.0802245)

[node name="GPUParticles" type="GPUParticles3D" parent="XROrigin3D/XRController3DRight/RightPhysicsHand/Hand_R/Armature/Skeleton3D/BoneMiddleProximal" index="0"]
transform = Transform3D(1, 0, 0, 0, 1, 0, 0, 0, 1, 0, 0, 0)
cast_shadow = 0
emitting = false
amount = 100
amount_ratio = 0.1
lifetime = 0.5
process_material = SubResource("ParticleProcessMaterial_svamx")
draw_pass_1 = SubResource("PlaneMesh_o7sgv")

[node name="BoneMiddleMiddle" parent="XROrigin3D/XRController3DRight/RightPhysicsHand/Hand_R/Armature/Skeleton3D" index="11"]
transform = Transform3D(0.764922, -0.643162, 0.0351718, -0.0290327, 0.0201225, 0.999376, -0.643468, -0.765466, -0.00328059, 0.00032845, -0.00532286, -0.123817)

[node name="BoneMiddleDistal" parent="XROrigin3D/XRController3DRight/RightPhysicsHand/Hand_R/Armature/Skeleton3D" index="12"]
transform = Transform3D(0.297115, -0.95453, 0.0243818, -0.0374454, 0.0138673, 0.999202, -0.954107, -0.297791, -0.0316226, -0.0205207, -0.00467055, -0.148631)

[node name="BoneRingMetacarpal" parent="XROrigin3D/XRController3DRight/RightPhysicsHand/Hand_R/Armature/Skeleton3D" index="13"]
transform = Transform3D(0.998609, -0.047074, -0.0237409, 0.0169882, -0.138981, 0.990149, -0.0499098, -0.989175, -0.137988, 0.0100005, -0.0130734, 3.59304e-05)

[node name="BoneRingProximal" parent="XROrigin3D/XRController3DRight/RightPhysicsHand/Hand_R/Armature/Skeleton3D" index="14"]
transform = Transform3D(0.982964, -0.181854, -0.0266582, -0.0109494, -0.202722, 0.979175, -0.183471, -0.962202, -0.20126, 0.00651963, -0.0233502, -0.0731075)

[node name="BoneRingMiddle" parent="XROrigin3D/XRController3DRight/RightPhysicsHand/Hand_R/Armature/Skeleton3D" index="15"]
transform = Transform3D(0.772579, -0.634603, -0.0200164, -0.0794844, -0.127948, 0.98859, -0.629924, -0.762173, -0.149291, -0.000778396, -0.0314857, -0.111722)

[node name="BoneRingDistal" parent="XROrigin3D/XRController3DRight/RightPhysicsHand/Hand_R/Armature/Skeleton3D" index="16"]
transform = Transform3D(0.381387, -0.924068, -0.025339, -0.114105, -0.0742599, 0.990689, -0.917346, -0.374945, -0.133762, -0.0184188, -0.0350424, -0.132908)

[node name="BonePinkyMetacarpal" parent="XROrigin3D/XRController3DRight/RightPhysicsHand/Hand_R/Armature/Skeleton3D" index="17"]
transform = Transform3D(0.998969, -0.0165318, -0.0422887, 0.0385953, -0.181426, 0.982647, -0.0239172, -0.983265, -0.180601, 4.58211e-07, -0.0299734, 3.59304e-05)

[node name="BonePinkyProximal" parent="XROrigin3D/XRController3DRight/RightPhysicsHand/Hand_R/Armature/Skeleton3D" index="18"]
transform = Transform3D(0.969212, -0.239304, -0.0579745, -0.0185535, -0.305761, 0.951928, -0.245527, -0.921544, -0.300787, -0.00108587, -0.0418952, -0.0645756)

[node name="BonePinkyMiddle" parent="XROrigin3D/XRController3DRight/RightPhysicsHand/Hand_R/Armature/Skeleton3D" index="19"]
transform = Transform3D(0.699331, -0.713816, -0.0374602, -0.103947, -0.153407, 0.982681, -0.707199, -0.683325, -0.181481, -0.00901247, -0.0520231, -0.0951004)

[node name="BonePinkyDistal" parent="XROrigin3D/XRController3DRight/RightPhysicsHand/Hand_R/Armature/Skeleton3D" index="20"]
transform = Transform3D(0.340891, -0.939844, -0.0220291, -0.162162, -0.081867, 0.983362, -0.926011, -0.331647, -0.180315, -0.0218786, -0.0547881, -0.107417)

[node name="AnimationTree" parent="XROrigin3D/XRController3DRight/RightPhysicsHand" index="1"]
tree_root = SubResource("AnimationNodeBlendTree_eg6g3")

[node name="FunctionPickup" parent="XROrigin3D/XRController3DRight" instance=ExtResource("7_6l8go")]

[node name="AutoHandtracker" parent="XROrigin3D/XRController3DRight" instance=ExtResource("8_3wn4n")]
visiblehandtrackskeleton = false
enableautotracker = false

[node name="NoseSequence" type="Node3D" parent="."]
visible = false
script = ExtResource("8_4i5py")

[node name="Spot0" type="MeshInstance3D" parent="NoseSequence"]
mesh = SubResource("BoxMesh_2e45k")

[node name="HandCentre" type="Node3D" parent="."]
transform = Transform3D(1, 0, 0, 0, 1, 0, 0, 0, 1, 0, 1.14032, -0.940345)
visible = false
script = ExtResource("9_h6jwr")

[node name="HandPlant" type="MeshInstance3D" parent="HandCentre"]
mesh = SubResource("CylinderMesh_1yfks")

[node name="GPUParticles3D" type="GPUParticles3D" parent="HandCentre"]
amount = 90
lifetime = 5.57
process_material = SubResource("ParticleProcessMaterial_ld7ix")
draw_pass_1 = SubResource("BoxMesh_2ps3d")

[node name="HandMidDebug" type="MeshInstance3D" parent="HandCentre"]
cast_shadow = 0
mesh = SubResource("CylinderMesh_4q2lq")

[node name="Floor" type="MeshInstance3D" parent="."]
transform = Transform3D(1, 0, 0, 0, -4.37114e-08, 1, 0, -1, -4.37114e-08, 0, 0, 0)
visible = false
mesh = SubResource("QuadMesh_oc67t")
skeleton = NodePath("../XROrigin3D")

[node name="WorldEnvironment" type="WorldEnvironment" parent="."]
environment = SubResource("Environment_37w8k")

[node name="StillnessLabel3D" type="Label3D" parent="."]
transform = Transform3D(1, 0, 0, 0, 1, 0, 0, 0, 1, 0, 0.948704, -4.09393)
visible = false
text = "Stillness Score"

[node name="StillnessScore" type="Label3D" parent="StillnessLabel3D"]
transform = Transform3D(1, 0, 0, 0, 1, 0, 0, 0, 1, 0, -0.275797, -0.00146437)
text = "0.0
"

[node name="NosePointer2" type="MeshInstance3D" parent="."]
transform = Transform3D(1, 0, 0, 0, 1, 0, 0, 0, 1, 0.309518, 0.631985, -1.2)
visible = false
mesh = SubResource("PrismMesh_2gmlt")
skeleton = NodePath("../XROrigin3D/XRCamera3D")

[node name="SceneSequence" type="Node3D" parent="."]
script = ExtResource("13_v0v6l")

[node name="LoadingScreen" parent="SceneSequence" instance=ExtResource("15_2ueek")]
splash_screen = ExtResource("16_ae51a")
enable_press_to_continue = true

[node name="IntroScene" type="Node3D" parent="SceneSequence"]
visible = false
script = ExtResource("14_i85se")

[node name="VoiceGraph" type="MeshInstance3D" parent="SceneSequence/IntroScene"]
transform = Transform3D(1, 0, 0, 0, 1, 0, 0, 0, 1, 0, 1.43615, -1.65542)
visible = false
mesh = SubResource("QuadMesh_lt8sp")
skeleton = NodePath("../../../XROrigin3D")
surface_material_override/0 = SubResource("ShaderMaterial_xly2v")

[node name="AudioStreamMicrophone" type="AudioStreamPlayer" parent="SceneSequence/IntroScene/VoiceGraph"]
stream = SubResource("AudioStreamMicrophone_dj88s")
autoplay = true
bus = &"MicrophoneBus"
script = ExtResource("6_fvnxd")

[node name="CSGMesh3D" type="CSGMesh3D" parent="SceneSequence/IntroScene"]
transform = Transform3D(1, 0, 0, 0, 1, 0, 0, 0, 1, 0, 1.2, 0)
visible = false
mesh = SubResource("BoxMesh_hnydq")

[node name="CSGMesh3D" type="CSGMesh3D" parent="SceneSequence/IntroScene/CSGMesh3D"]
transform = Transform3D(1, 0, 0, 0, 1, 0, 0, 0, 1, 0, 0.2, 0)
operation = 2
mesh = SubResource("BoxMesh_6qs6n")

[node name="CSGBox3D" type="CSGBox3D" parent="SceneSequence/IntroScene"]
transform = Transform3D(1, 0, 0, 0, 1, 0, 0, 0, 1, 0, 0, -0.887992)
visible = false
size = Vector3(1, 1, 0.5)

[node name="MonkeyOrb" parent="SceneSequence/IntroScene" instance=ExtResource("14_fsmsi")]
transform = Transform3D(1, 0, 0, 0, 1, 0, 0, 0, 1, 0.0812529, 0.903384, -0.663829)
freeze = true

[node name="CollisionShape3D" parent="SceneSequence/IntroScene/MonkeyOrb" index="0"]
shape = SubResource("SphereShape3D_ajhpm")

[node name="Sphere" type="MeshInstance3D" parent="SceneSequence/IntroScene/MonkeyOrb"]
mesh = SubResource("SphereMesh_el520")

[node name="Monkey_Rigged--Animated_01a" parent="SceneSequence/IntroScene/MonkeyOrb/Sphere" instance=ExtResource("22_qh1ro")]
transform = Transform3D(0.25, 0, 0, 0, 0.25, 0, 0, 0, 0.25, -0.0140536, -0.107432, 0)

[node name="Pop" type="AudioStreamPlayer3D" parent="SceneSequence/IntroScene/MonkeyOrb"]
stream = ExtResource("21_tt50e")

[node name="TrafficSound" type="AudioStreamPlayer3D" parent="SceneSequence/IntroScene/MonkeyOrb"]
transform = Transform3D(1, 0, 0, 0, 1, 0, 0, 0, 1, 0, -0.47271, -0.808694)
stream = ExtResource("17_equb6")

[node name="OmniLight3D" type="OmniLight3D" parent="SceneSequence/IntroScene"]
transform = Transform3D(1, 0, 0, 0, 1, 0, 0, 0, 1, 0.289145, 1.95595, 0.0921028)
omni_range = 2.0
omni_attenuation = 2.461

[node name="Apartment" parent="SceneSequence/IntroScene" instance=ExtResource("22_m1vp1")]
transform = Transform3D(1, 0, 0, 0, 1, 0, 0, 0, 1, -0.151179, -0.561351, 0.888885)

[node name="Room" parent="SceneSequence/IntroScene/Apartment/unit_conversion_scaling/Root" index="0"]
transform = Transform3D(2, 0, 0, 0, 2, 0, 0, 0, 2, 2.63467, 0, 0)

[node name="skyscraper-6858092_960_720" parent="SceneSequence/IntroScene/Apartment" index="1"]
transform = Transform3D(6.40282, 0, 0, 0, 0, -6.40282, 0, 6.40282, 0, 0.0798228, -1.51595, -7.9181)

[node name="skyscraper-6858092_960_720_001" parent="SceneSequence/IntroScene/Apartment" index="2"]
transform = Transform3D(6.40282, 0, 0, 0, 0, -6.40282, 0, 6.40282, 0, 0.0798228, 4.95216, -8.02789)

[node name="PondScene" type="Node3D" parent="SceneSequence"]
visible = false
script = ExtResource("18_6nfk3")

[node name="MonkeyTop" parent="SceneSequence/PondScene" instance=ExtResource("22_qh1ro")]
transform = Transform3D(1.99726, 0, -0.104672, 0, 2, 0, 0.104672, 0, 1.99726, -0.1, -0.231, -1.312)

[node name="Skeleton3D" parent="SceneSequence/PondScene/MonkeyTop/Armature" index="0"]
bones/1/rotation = Quaternion(-0.810656, 0.0411479, 0.0251159, 0.583535)
bones/2/rotation = Quaternion(0.174138, -0.0108058, -0.0388654, 0.983895)
bones/3/rotation = Quaternion(0.0444539, -0.00192483, 0.00372217, 0.999003)
bones/5/rotation = Quaternion(-0.309463, 0.0826292, 0.879119, 0.352924)
bones/6/rotation = Quaternion(0.756224, -0.290827, 0.297211, 0.505184)
bones/7/rotation = Quaternion(-0.0726434, -0.0679308, 0.232242, 0.96756)
bones/11/rotation = Quaternion(-0.287192, -0.0707451, -0.865335, 0.404611)
bones/12/rotation = Quaternion(0.773839, 0.221181, -0.172796, 0.567797)
bones/13/rotation = Quaternion(-0.0726434, 0.067931, -0.232242, 0.96756)

[node name="Head_2" parent="SceneSequence/PondScene/MonkeyTop/Armature/Skeleton3D" index="0"]
transform = Transform3D(0.999755, -0.0221079, -0.00108271, 0.0215896, 0.984755, -0.172606, 0.00488218, 0.172539, 0.984991, 0.0103923, 0.0119015, -0.0595948)

[node name="Head_2" parent="SceneSequence/PondScene/MonkeyTop/Armature/Skeleton3D/Head_2" index="0"]
surface_material_override/0 = ExtResource("10_pb306")

[node name="EyeheightSpot" type="MeshInstance3D" parent="SceneSequence/PondScene/MonkeyTop/Armature/Skeleton3D/Head_2" index="1"]
transform = Transform3D(0.499007, 0.0123071, 0.0289842, -0.0167233, 0.493539, 0.0783509, -0.0266812, -0.0791647, 0.492971, 0.0616333, 0.567359, 0.140381)
visible = false
mesh = SubResource("BoxMesh_2e45k")
skeleton = NodePath("../../../../../../../NoseSequence")

[node name="EyeprojectedSpot" type="MeshInstance3D" parent="SceneSequence/PondScene/MonkeyTop/Armature/Skeleton3D/Head_2/EyeheightSpot"]
transform = Transform3D(0.04, 5.82077e-12, -1.86265e-11, -5.82077e-12, 0.04, 2.98023e-10, 1.86265e-11, -2.98023e-10, 0.04, 0, 0, 0.8)
mesh = SubResource("SphereMesh_4sx7o")

[node name="R_Hand" parent="SceneSequence/PondScene/MonkeyTop/Armature/Skeleton3D" index="1"]
transform = Transform3D(0.204135, -0.267533, 0.941677, 0.477295, 0.867061, 0.142867, -0.854705, 0.420291, 0.304687, -0.0919506, 0.0719385, -0.332815)

[node name="R_LowerArm" parent="SceneSequence/PondScene/MonkeyTop/Armature/Skeleton3D" index="2"]
transform = Transform3D(0.324998, -0.615577, 0.717943, 0.397777, 0.77772, 0.486766, -0.857993, 0.127383, 0.497616, 0.127024, 0.0196603, -0.251582)

[node name="R_UpperArm" parent="SceneSequence/PondScene/MonkeyTop/Armature/Skeleton3D" index="3"]
transform = Transform3D(0.560439, -0.508473, -0.65373, 0.69, 0.72324, 0.0289954, 0.458057, -0.467319, 0.756172, 0.233955, 0.135906, 0.24123)

[node name="L_Hand" parent="SceneSequence/PondScene/MonkeyTop/Armature/Skeleton3D" index="4"]
transform = Transform3D(0.48239, 0.175563, -0.858183, -0.323098, 0.946298, 0.0119742, 0.814192, 0.2715, 0.513205, 0.125325, 0.0732777, -0.366371)

[node name="L_LowerArm" parent="SceneSequence/PondScene/MonkeyTop/Armature/Skeleton3D" index="5"]
transform = Transform3D(0.582427, 0.459582, -0.670495, -0.22378, 0.883622, 0.41128, 0.781474, -0.0894954, 0.617486, -0.0633632, -0.0146725, -0.227351)

[node name="L_UpperArm" parent="SceneSequence/PondScene/MonkeyTop/Armature/Skeleton3D" index="6"]
transform = Transform3D(0.648596, 0.41894, 0.635463, -0.582172, 0.810888, 0.0596109, -0.490313, -0.408608, 0.769827, -0.165696, 0.145076, 0.257346)

[node name="Torso" parent="SceneSequence/PondScene/MonkeyTop/Armature/Skeleton3D" index="7"]
transform = Transform3D(0.999985, -0.00545738, 9.50336e-05, 0.00541462, 0.989634, -0.143509, 0.000689145, 0.143506, 0.989649, 0.00179957, 0.00930172, -0.0446314)

[node name="Butt_2" parent="SceneSequence/PondScene/MonkeyTop/Armature/Skeleton3D" index="8"]
transform = Transform3D(1, -8.3819e-09, 3.44589e-08, 3.77186e-08, 0.999731, -0.023204, -2.93367e-08, 0.0232048, 0.999731, 1.49012e-08, 0.00161886, -0.00525051)

[node name="Base_2" parent="SceneSequence/PondScene/MonkeyTop/Armature/Skeleton3D" index="9"]
transform = Transform3D(1, 1.11413e-11, 1.13047e-11, 1.09139e-11, 1, 5.81145e-07, -9.71312e-12, 5.81145e-07, 1, 0, 1.49012e-08, -2.6077e-08)

[node name="AnimationPlayer" parent="SceneSequence/PondScene/MonkeyTop" index="3"]
active = false

[node name="MonkeyBottom" parent="SceneSequence/PondScene" instance=ExtResource("22_qh1ro")]
transform = Transform3D(-1.99726, 1.74606e-07, -0.104672, -1.74846e-07, -2, 0, -0.104672, 9.15071e-09, 1.99726, 0.1, 0.231, -1.312)

[node name="Skeleton3D" parent="SceneSequence/PondScene/MonkeyBottom/Armature" index="0"]
bones/1/rotation = Quaternion(-0.805977, 0.0409463, 0.0254432, 0.58998)
bones/2/rotation = Quaternion(0.210219, -0.0121655, -0.0410064, 0.976718)
bones/3/rotation = Quaternion(0.0539338, -0.00107878, -0.00454239, 0.998534)
bones/5/rotation = Quaternion(-0.314525, 0.0957134, 0.877815, 0.348358)
bones/6/rotation = Quaternion(0.766993, -0.275609, 0.289214, 0.502113)
bones/7/rotation = Quaternion(-0.0726434, -0.0679308, 0.232242, 0.96756)
bones/11/rotation = Quaternion(-0.306283, -0.0849215, -0.860334, 0.398503)
bones/12/rotation = Quaternion(0.792019, 0.208555, -0.172311, 0.547283)
bones/13/rotation = Quaternion(-0.0726434, 0.067931, -0.232242, 0.96756)

[node name="Head_2" parent="SceneSequence/PondScene/MonkeyBottom/Armature/Skeleton3D" index="0"]
transform = Transform3D(1, -8.05521e-08, 1.04774e-08, 1.07335e-07, 0.960541, -0.27814, 1.14087e-08, 0.278137, 0.960541, 4.09782e-08, 0.0266679, -0.0949279)

[node name="R_Hand" parent="SceneSequence/PondScene/MonkeyBottom/Armature/Skeleton3D" index="1"]
transform = Transform3D(0.211066, -0.274055, 0.938267, 0.495744, 0.8573, 0.138887, -0.842432, 0.435824, 0.316805, -0.088086, 0.0824632, -0.333036)

[node name="R_LowerArm" parent="SceneSequence/PondScene/MonkeyBottom/Armature/Skeleton3D" index="2"]
transform = Transform3D(0.33218, -0.618986, 0.711698, 0.416631, 0.77324, 0.478052, -0.846214, 0.137716, 0.51474, 0.130237, 0.0290599, -0.250788)

[node name="R_UpperArm" parent="SceneSequence/PondScene/MonkeyBottom/Armature/Skeleton3D" index="3"]
transform = Transform3D(0.564482, -0.504871, -0.653043, 0.658335, 0.752626, -0.0128031, 0.497958, -0.42269, 0.757213, 0.233034, 0.123487, 0.234254)

[node name="L_Hand" parent="SceneSequence/PondScene/MonkeyBottom/Armature/Skeleton3D" index="4"]
transform = Transform3D(0.470146, 0.178492, -0.864352, -0.323666, 0.945983, 0.0192976, 0.821099, 0.270688, 0.502518, 0.127575, 0.0740842, -0.363541)

[node name="L_LowerArm" parent="SceneSequence/PondScene/MonkeyBottom/Armature/Skeleton3D" index="5"]
transform = Transform3D(0.571238, 0.46652, -0.675312, -0.225118, 0.88027, 0.417685, 0.78931, -0.086571, 0.607862, -0.0633944, -0.0121693, -0.22659)

[node name="L_UpperArm" parent="SceneSequence/PondScene/MonkeyBottom/Armature/Skeleton3D" index="6"]
transform = Transform3D(0.634785, 0.411852, 0.653778, -0.561008, 0.827488, 0.0234275, -0.531342, -0.381642, 0.756324, -0.160811, 0.136005, 0.262059)

[node name="Torso" parent="SceneSequence/PondScene/MonkeyBottom/Armature/Skeleton3D" index="7"]
